74 23
87 82
101 82
101 87
108 25
145 67
151 82
151 87
151 101
156 71
176 82
176 87
176 101
176 151
196 128
200 25
200 108
214 36
234 36
234 214
240 23
240 74
244 28
271 252
272 250
275 269
278 187
281 254
285 146
289 251
291 195
295 233
297 230
302 149
304 67
304 145
307 82
307 87
307 101
307 151
307 176
317 184
347 15
354 33
356 165
366 12
371 149
371 302
372 67
372 145
372 304
377 25
377 108
377 200
381 90
386 385
387 254
387 281
406 221
414 398
424 71
424 156
436 154
447 64
459 330
464 315
485 154
485 436
487 221
487 406
488 370
497 167
498 41
503 330
503 459
511 81
517 97
521 41
521 498
524 41
524 498
524 521
536 67
536 145
536 304
536 372
539 167
539 497
540 315
540 464
542 270
554 380
560 36
560 214
560 234
565 25
565 108
565 200
565 377
567 428
568 245
569 72
578 443
584 82
584 87
584 101
584 151
584 176
584 307
587 567
597 23
597 74
597 240
599 380
599 554
614 233
614 295
615 67
615 145
615 304
615 372
615 536
617 580
626 177
634 348
642 422
647 331
651 71
651 156
651 424
659 389
659 559
667 167
667 497
667 539
668 647
669 149
669 302
669 371
670 656
681 252
681 271
685 82
685 87
685 101
685 151
685 176
685 307
685 584
687 441
688 220
689 390
692 167
692 497
692 539
692 667
693 67
693 145
693 304
693 372
693 536
693 615
698 230
698 297
701 82
701 87
701 101
701 151
701 176
701 307
701 584
701 685
714 684
716 250
716 272
719 348
719 634
728 172
731 529
738 252
738 271
738 681
742 106
743 64
743 447
743 529
745 529
745 731
746 254
746 281
746 387
750 231
752 33
752 354
755 280
757 557
764 245
764 568
766 12
766 366
773 67
773 145
773 304
773 372
773 536
773 615
773 693
778 254
778 281
778 387
778 746
784 527
785 149
785 302
785 371
785 669
786 280
786 755
790 331
790 647
791 348
791 634
791 719
794 90
794 381
797 64
797 447
797 743
801 128
801 196
802 399
804 102
807 747
815 67
815 145
815 304
815 372
815 536
815 615
815 693
815 773
819 67
819 145
819 304
819 372
819 536
819 615
819 693
819 773
819 815
822 280
822 755
822 786
825 170
825 406
831 230
831 297
831 698
839 90
839 381
839 794
841 471
843 35
857 82
857 87
857 101
857 151
857 176
857 307
857 584
857 685
857 701
865 231
865 750
867 390
867 689
868 815
875 38
878 221
878 406
878 487
1026 972
1049 1038
1089 1013
1116 937
1144 962
1167 961
1174 962
1174 1144
1176 962
1176 1144
1176 1174
1184 937
1184 1116
1185 937
1185 1116
1185 1184
1192 972
1192 1026
1194 1163
1195 962
1195 1144
1195 1174
1195 1176
1203 962
1203 1144
1203 1174
1203 1176
1203 1195
1207 1111
1208 1091
1209 1190
1214 1172
1215 1171
1237 961
1237 1167
1239 1130
1240 937
1240 1116
1240 1184
1240 1185
1254 937
1254 1116
1254 1184
1254 1185
1254 1240
1258 972
1258 1026
1258 1192
1259 937
1259 1116
1259 1184
1259 1185
1259 1240
1259 1254
1260 1091
1260 1208
1262 972
1262 1026
1262 1192
1262 1258
1266 937
1266 1116
1266 1184
1266 1185
1266 1240
1266 1254
1266 1259
1272 1118
1275 1091
1275 1208
1275 1260
1276 1190
1276 1209
1280 1212
1284 937
1284 1116
1284 1184
1284 1185
1284 1240
1284 1254
1284 1259
1284 1266
1287 972
1287 1026
1287 1192
1287 1258
1287 1262
1288 912
1307 962
1307 1144
1307 1174
1307 1176
1307 1195
1307 1203
1308 1118
1308 1272
1315 907
1318 972
1318 1026
1318 1192
1318 1258
1318 1262
1318 1287
1321 1277
1323 1177
1325 972
1325 1026
1325 1192
1325 1258
1325 1262
1325 1287
1325 1318
1327 1091
1327 1208
1327 1260
1327 1275
1329 1295
1331 962
1331 1144
1331 1174
1331 1176
1331 1195
1331 1203
1331 1307
1332 937
1332 1116
1332 1184
1332 1185
1332 1240
1332 1254
1332 1259
1332 1266
1332 1284
1335 1222
1341 1091
1341 1208
1341 1260
1341 1275
1341 1327
1344 937
1344 1116
1344 1184
1344 1185
1344 1240
1344 1254
1344 1259
1344 1266
1344 1284
1344 1332
1345 1118
1345 1272
1345 1308
1365 929
1368 1177
1368 1323
1369 937
1369 1116
1369 1184
1369 1185
1369 1240
1369 1254
1369 1259
1369 1266
1369 1284
1369 1332
1369 1344
1399 1057
1403 1312
1412 1177
1412 1323
1412 1368
1432 962
1432 1144
1432 1174
1432 1176
1432 1195
1432 1203
1432 1307
1432 1331
1433 1431
1435 1177
1435 1323
1435 1368
1435 1412
1468 972
1468 1026
1468 1192
1468 1258
1468 1262
1468 1287
1468 1318
1468 1325
1471 1057
1471 1399
1474 1278
1475 1177
1475 1323
1475 1368
1475 1412
1475 1435
1476 1347
1478 1413
1491 972
1491 1026
1491 1192
1491 1258
1491 1262
1491 1287
1491 1318
1491 1325
1491 1468
1493 1045
1494 1229
1522 962
1522 1144
1522 1174
1522 1176
1522 1195
1522 1203
1522 1307
1522 1331
1522 1432
1544 1453
1546 937
1546 1116
1546 1184
1546 1185
1546 1240
1546 1254
1546 1259
1546 1266
1546 1284
1546 1332
1546 1344
1546 1369
1555 972
1555 1026
1555 1192
1555 1258
1555 1262
1555 1287
1555 1318
1555 1325
1555 1468
1555 1491
1562 972
1562 1026
1562 1192
1562 1258
1562 1262
1562 1287
1562 1318
1562 1325
1562 1468
1562 1491
1562 1555
1564 1453
1564 1544
1567 1413
1567 1478
1571 972
1571 1026
1571 1192
1571 1258
1571 1262
1571 1287
1571 1318
1571 1325
1571 1468
1571 1491
1571 1555
1571 1562
1572 972
1572 1026
1572 1192
1572 1258
1572 1262
1572 1287
1572 1318
1572 1325
1572 1468
1572 1491
1572 1555
1572 1562
1572 1571
1575 1481
1576 1415
1577 1347
1577 1476
1578 1172
1578 1214
1579 1342
1581 1111
1581 1207
