30 2
41 2
41 30
48 2
48 30
48 41
66 22
69 14
70 14
70 69
71 2
71 30
71 41
71 48
88 69
95 2
95 30
95 41
95 48
95 71
96 85
103 88
147 145
187 129
190 120
197 196
198 196
201 196
212 196
215 214
216 120
216 190
238 208
255 225
265 130
276 176
278 176
278 276
280 259
283 268
284 176
284 276
284 278
285 263
286 141
289 263
289 285
290 263
290 285
290 289
291 262
292 263
292 285
292 289
292 290
293 130
293 265
294 263
294 285
294 289
294 290
294 292
295 263
295 285
295 289
295 290
295 292
295 294
296 263
296 285
296 289
296 290
296 292
296 294
296 295
297 176
297 276
297 278
297 284
299 298
300 263
300 285
300 289
300 290
300 292
300 294
300 295
300 296
302 262
302 291
303 298
303 299
304 176
304 276
304 278
304 284
304 297
306 263
306 285
306 289
306 290
306 292
306 294
306 295
306 296
306 300
307 176
307 276
307 278
307 284
307 297
307 304
308 298
308 299
308 303
309 263
309 285
309 289
309 290
309 292
309 294
309 295
309 296
309 300
309 306
311 298
311 299
311 303
311 308
315 153
316 263
316 285
316 289
316 290
316 292
316 294
316 295
316 296
316 300
316 306
316 309
318 262
318 291
318 302
321 263
321 285
321 289
321 290
321 292
321 294
321 295
321 296
321 300
321 306
321 309
321 316
